[1, 12, 18, 22, 28]
[8, 9, 19, 28, 29]
[5, 6, 7, 10, 23]
[0, 1, 2, 14, 28]
[4, 8, 9, 12, 26]
[4, 9, 10, 14, 18]
[0, 4, 10, 26, 29]
[9, 10, 16, 21, 26]
[1, 4, 7, 10, 26]
[0, 1, 4, 5, 9]
[5, 8, 16, 17, 25]
[0, 2, 4, 10, 14]
[0, 10, 18, 21, 23]
[0, 1, 3, 4, 19]
[9, 20, 22, 25, 29]
[1, 3, 5, 12, 18]
[1, 2, 3, 4, 17]
[0, 4, 16, 18, 20]
[3, 19, 23, 25, 27]
[0, 1, 2, 5, 22]
[1, 12, 13, 21, 25]
[9, 10, 20, 25, 29]
[3, 5, 8, 22, 24]
[1, 7, 13, 20, 23]
[0, 2, 3, 4, 7]
[0, 2, 3, 4, 26]
[0, 4, 5, 17, 25]
[0, 1, 2, 3, 4]
[0, 2, 3, 6, 10]
[2, 6, 14, 17, 18]
[1, 5, 9, 20, 23]
[0, 2, 4, 11, 27]
[6, 7, 11, 15, 22]
[0, 2, 6, 13, 15]
[1, 22, 24, 26, 27]
[0, 1, 2, 4, 23]
[0, 2, 21, 28, 29]
[0, 1, 2, 3, 13]
[0, 15, 19, 24, 25]
[3, 5, 6, 8, 13]
[11, 13, 17, 20, 21]
[1, 2, 3, 9, 22]
[1, 2, 3, 4, 6]
[6, 13, 17, 26, 27]
[0, 1, 2, 3, 4]
[1, 2, 3, 22, 25]
[1, 3, 4, 10, 17]
[5, 11, 17, 20, 28]
[0, 1, 2, 3, 4]
[9, 10, 11, 17, 22]
[2, 9, 18, 23, 24]
[0, 1, 2, 3, 20]
[0, 1, 2, 3, 4]
[0, 1, 2, 3, 4]
[1, 2, 3, 4, 17]
[0, 1, 3, 4, 24]
[1, 2, 3, 4, 22]
[0, 10, 12, 15, 17]
[0, 1, 2, 4, 10]
[0, 1, 2, 3, 4]
[7, 15, 18, 24, 29]
[5, 7, 11, 18, 19]
[3, 12, 17, 26, 28]
[0, 1, 2, 4, 28]
[0, 1, 2, 4, 18]
[0, 1, 2, 3, 4]
[0, 1, 2, 3, 4]
[7, 13, 23, 25, 26]
[0, 1, 2, 3, 4]
[1, 7, 8, 12, 26]
[1, 2, 5, 14, 15]
[2, 10, 21, 23, 26]
[0, 1, 2, 3, 4]
[0, 1, 2, 3, 4]
[0, 1, 2, 3, 4]
[0, 1, 2, 3, 4]
[0, 1, 2, 3, 4]
[0, 1, 3, 4, 17]
[0, 1, 3, 4, 14]
[0, 1, 2, 3, 4]
[3, 4, 6, 13, 18]
[0, 1, 2, 3, 4]
[3, 7, 8, 12, 13]
[0, 1, 2, 3, 4]
[1, 2, 3, 4, 12]
[0, 1, 5, 6, 20]
[14, 15, 16, 18, 25]
[4, 13, 14, 27, 29]
[9, 14, 15, 20, 23]
[4, 9, 20, 25, 27]
[0, 1, 2, 3, 4]
[11, 12, 14, 15, 21]
[13, 14, 15, 25, 28]
[2, 5, 10, 14, 15]
[0, 1, 2, 3, 4]
[7, 21, 23, 25, 26]
[0, 1, 2, 3, 4]
[1, 4, 9, 25, 29]
[6, 7, 10, 15, 29]
[5, 12, 21, 23, 29]
[0, 1, 2, 3, 4]
[6, 17, 21, 23, 24]
[0, 1, 3, 4, 25]
[0, 1, 2, 3, 4]
[0, 1, 2, 3, 19]
[0, 1, 2, 3, 4]
[1, 6, 11, 21, 26]
[0, 1, 2, 3, 4]
[2, 6, 12, 17, 29]
[2, 20, 23, 25, 27]
[0, 1, 2, 3, 4]
[0, 1, 2, 3, 4]
[3, 4, 5, 16, 25]
[9, 16, 19, 24, 25]
[0, 2, 10, 25, 29]
[0, 17, 18, 21, 22]
[2, 6, 17, 23, 28]
[0, 1, 2, 3, 4]
[0, 1, 2, 3, 4]
[1, 8, 16, 20, 21]
[0, 1, 2, 3, 4]
[0, 1, 2, 3, 4]
[0, 1, 2, 3, 4]
[0, 1, 3, 4, 28]
[0, 1, 2, 3, 4]
[9, 12, 15, 22, 27]
[0, 1, 2, 3, 4]
[0, 1, 2, 3, 4]
[0, 1, 2, 3, 4]
[0, 1, 2, 3, 4]
[2, 14, 23, 24, 26]
[0, 1, 2, 3, 4]
[7, 9, 13, 26, 28]
[0, 18, 21, 22, 24]
[0, 7, 13, 19, 20]
[4, 9, 12, 22, 24]
[0, 1, 2, 3, 4]
[13, 15, 18, 21, 26]
[1, 2, 3, 18, 24]
[2, 3, 4, 19, 20]
[0, 1, 2, 3, 4]
[2, 7, 9, 10, 28]
[6, 10, 15, 18, 29]
[13, 14, 15, 21, 23]
[10, 14, 17, 22, 25]
[0, 1, 2, 3, 4]
[1, 5, 14, 26, 27]
[0, 1, 2, 3, 4]
[0, 1, 2, 3, 4]
[0, 1, 2, 3, 4]
[0, 1, 2, 3, 4]
[4, 6, 16, 17, 27]
[0, 1, 2, 3, 4]
[7, 9, 15, 19, 29]
[4, 17, 19, 21, 29]
[0, 1, 2, 3, 4]
[0, 1, 2, 3, 4]
